&NAMPISMOD
 LN_P2Z=T,
 LN_P4Z=F,
 LN_P5Z=F,
 LN_LIGAND=F,
 LN_SEDIMENT=F,
 /
&NAMLOBOPT
 XKG0=  2.3199999999999998E-002,
 XKR0= 0.22500000000000001     ,
 XKGP=  7.3999999999999996E-002,
 XKRP=  3.6999999999999998E-002,
 XLG= 0.67400000000000004     ,
 XLR= 0.62900000000000000     ,
 RPIG= 0.69999999999999996     ,
 /
&NAMLOBRAT
 RCCHL=  60.000000000000000     ,
 REDF=  6.5599999999999996     ,
 REDDOM=  6.5599999999999996     ,
 /
&NAMLOBSED
 SEDLAM=  3.8599999999999999E-007,
 SEDLOSTPOC=  0.0000000000000000     ,
 VSED=  3.4700000000000003E-005,
 XHR=-0.85799999999999998     ,
 /
&NAMLOBPHY
 TMUMAX=  1.2099999999999999E-005,
 RGAMMA=  5.0000000000000003E-002,
 FPHYLAB= 0.75000000000000000     ,
 TMMINP=  5.7999999999999995E-007,
 AKI=  33.000000000000000     ,
 /
&NAMLOBNUT
 AKNO3= 0.69999999999999996     ,
 AKNH4=  1.0000000000000000E-003,
 TAUNN=  5.7999999999999995E-007,
 PSINUT=  3.0000000000000000     ,
 /
&NAMLOBZOO
 RPPZ= 0.80000000000000004     ,
 TAUS=  9.2599999999999994E-006,
 AKS=  1.0000000000000000     ,
 RPNAZ= 0.29999999999999999     ,
 RDNAZ= 0.29999999999999999     ,
 TAUZN=  8.0999999999999997E-007,
 FZOOLAB= 0.50000000000000000     ,
 FDBOD= 0.50000000000000000     ,
 TMMINZ=  2.3099999999999999E-006,
 /
&NAMLOBDET
 TAUDN=  5.7999999999999995E-007,
 FDETLAB=  0.0000000000000000     ,
 /
&NAMLOBDOM
 TAUDOMN=  6.4300000000000000E-008,
 /
